Lisbaldy, 12345, lisba@email.com
Lisbaldy, 12345, lisba@email.com
Lisbaldy,12345,lisba@email.com
Lisbaldy,12345,lisba@email.com
Jesus,12345678,jesus@email.com
